country	hdicode	region	hdi_2006	hdi_2007	hdi_2008	hdi_2009	hdi_2010	hdi_2011	hdi_2012	hdi_2013	hdi_2014	hdi_2015	hdi_2016	hdi_2017	hdi_2018	hdi_2019	hdi_2020	hdi_2021	hdi_2022
Benin	Low	SSA	0.456	0.464	0.47	0.475	0.481	0.486	0.494	0.503	0.506	0.509	0.508	0.505	0.506	0.506	0.501	0.502	0.504
Botswana	High	SSA	0.615	0.629	0.637	0.639	0.652	0.66	0.664	0.676	0.683	0.688	0.697	0.705	0.7	0.703	0.701	0.68	0.708
Cabo Verde	Medium	SSA	0.633	0.639	0.643	0.645	0.649	0.657	0.657	0.664	0.663	0.658	0.664	0.668	0.664	0.667	0.649	0.65	
Ethiopia	Low	SSA	0.359	0.376	0.391	0.399	0.409	0.419	0.426	0.437	0.445	0.455	0.465	0.472	0.479	0.485	0.489	0.489	0.492
Fiji	High	EAP	0.687	0.689	0.693	0.696	0.699	0.704	0.707	0.712	0.715	0.716	0.721	0.728	0.731	0.73	0.722	0.715	0.729
Nigeria	Low	SSA	0.475	0.479	0.482	0.486	0.488	0.494	0.499	0.504	0.513	0.52	0.526	0.528	0.53	0.537	0.539	0.542	0.548
Senegal	Low	SSA	0.429	0.442	0.454	0.461	0.47	0.483	0.491	0.497	0.501	0.501	0.51	0.511	0.515	0.514	0.514	0.512	0.517
South Africa	High	SSA	0.637	0.644	0.653	0.665	0.675	0.686	0.696	0.705	0.714	0.721	0.711	0.725	0.731	0.741	0.722	0.721	
Sudan	Low	AS	0.466	0.472	0.48	0.489	0.489	0.491	0.498	0.503	0.511	0.514	0.517	0.52	0.52	0.521	0.518	0.516	0.516
Tanzania	Low	SSA	0.455	0.464	0.472	0.482	0.493	0.498	0.501	0.504	0.506	0.507	0.509	0.517	0.525	0.533	0.535	0.529	0
Zambia	Medium	SSA	0.484	0.495	0.506	0.519	0.528	0.534	0.548	0.554	0.557	0.563	0.564	0.568	0.571	0.574	0.569	0.565	
